0 167.209
3 166.086
6 147.296
7 136.316
13 126.641
2 126.261
20 124.947
12 117.677
1 113.754
37 112.754
48 111.17
14 107.64
5 106.761
33 106.544
10 103.444
29 101.853
24 99.516
26 98.837
32 97.187
4 95.362
35 92.095
22 90.842
11 90.722
30 90.416
23 89.527
39 88.083
80 86.979
27 86.161
47 83.601
25 82.451
15 81.604
77 80.531
57 78.37
56 76.476
9 76.451
235 75.773
124 75.033
60 74.464
31 73.269
89 72.299
101 71.867
74 71.663
19 71.542
34 71.423
142 71.303
45 69.152
40 68.524
236 68.31
67 67.554
311 67.512
83 67.185
50 67.155
75 66.891
114 66.34
113 66.169
59 66.141
46 65.992
61 65.612
71 65.353
289 63.904
105 63.788
17 63.274
228 63.25
16 63.243
41 62.796
63 61.979
119 61.952
253 61.92
131 61.367
293 61.263
21 61.144
79 61.109
883 60.926
146 60.656
128 60.48
126 60.286
120 60.217
186 59.883
254 59.787
92 59.738
152 59.482
174 59.047
112 58.897
116 58.661
810 58.447
192 58.371
465 58.3
450 58.142
132 57.78
102 57.695
87 57.598
185 57.102
153 56.939
258 56.816
415 56.64
121 56.634
265 56.596
154 56.31
81 56.242
51 56.235
204 55.992
490 55.901
98 55.863
157 55.715
150 55.679
372 55.439
96 55.405
259 55.016
125 54.592
365 54.534
179 54.219
164 54.196
42 54.07
58 53.936
28 53.726
396 53.618
99 53.173
292 52.947
273 52.567
414 52.371
755 52.361
482 52.242
170 52.207
203 52.059
683 52.019
726 51.928
193 51.915
143 51.911
979 51.845
110 51.527
148 51.504
322 51.41
90 51.346
630 51.202
214 51.028
144 51.024
168 51.017
97 50.892
43 50.879
76 50.8
171 50.773
347 50.748
85 50.413
69 50.168
333 50.133
446 49.878
691 49.438
408 49.333
94 49.303
688 49.303
137 49.301
502 49.214
285 49.18
180 49.162
68 49.008
196 48.933
314 48.902
158 48.626
224 48.305
103 48.081
49 48.069
54 48.042
147 48.016
8 48.01
309 47.956
275 47.898
213 47.891
139 47.774
737 47.682
55 47.595
230 47.505
362 47.486
36 47.428
249 47.4
534 47.379
831 47.379
167 47.375
118 47.374
286 47.361
802 47.282
78 47.206
122 47.128
176 47.084
274 46.986
108 46.976
379 46.933
559 46.925
215 46.893
609 46.837
38 46.815
138 46.686
44 46.494
18 46.449
70 46.333
466 46.105
594 45.867
205 45.815
104 45.703
212 45.417
62 45.268
319 45.223
856 45.218
572 45.12
664 45.067
682 44.932
140 44.797
388 44.701
117 44.661
191 44.656
237 44.592
707 44.58
736 44.487
52 44.48
313 44.456
280 44.358
884 44.337
480 44.319
602 44.299
675 44.106
556 44.037
163 44.003
316 43.994
671 43.868
307 43.856
605 43.619
123 43.608
375 43.52
135 43.505
590 43.37
510 43.343
619 43.306
547 43.287
686 43.198
64 43.108
334 43.089
282 43.014
732 42.96
785 42.959
111 42.706
232 42.483
109 42.472
166 42.435
238 42.362
218 42.335
271 42.187
816 42.158
156 41.573
320 41.539
583 41.521
488 41.515
246 41.467
269 41.445
209 41.416
397 41.323
106 41.276
731 41.222
240 41.195
223 41.176
492 41.105
151 41.011
244 40.968
355 40.895
525 40.794
329 40.786
73 40.759
91 40.667
401 40.567
907 40.559
452 40.527
538 40.488
541 40.453
130 40.315
486 40.311
733 40.292
266 40.254
591 40.23
705 40.207
740 40.178
774 40.158
367 40.151
84 40.085
580 40.067
321 40.025
303 39.945
643 39.944
505 39.942
715 39.917
162 39.903
941 39.893
493 39.785
376 39.766
327 39.684
53 39.595
260 39.584
680 39.546
222 39.479
861 39.46
906 39.413
353 39.384
953 39.36
385 39.344
437 39.312
632 39.307
873 39.298
350 39.286
336 39.234
416 39.233
919 39.229
338 39.187
231 39.158
371 38.941
962 38.928
472 38.719
513 38.707
520 38.702
478 38.688
448 38.61
851 38.59
666 38.577
129 38.522
805 38.501
411 38.463
197 38.422
458 38.388
242 38.274
301 38.264
987 38.206
528 38.156
608 38.151
473 38.132
471 38.089
567 38.073
357 38.027
440 37.926
172 37.856
656 37.764
410 37.734
184 37.712
395 37.602
141 37.593
100 37.551
894 37.525
202 37.484
227 37.483
198 37.404
422 37.384
439 37.384
752 37.378
294 37.32
82 37.261
178 37.137
407 37.057
741 36.802
155 36.529
655 36.518
312 36.487
65 36.449
584 36.395
579 36.31
628 36.286
685 36.282
88 36.28
676 36.183
199 36.176
936 36.136
544 36.129
288 36.07
981 35.822
420 35.811
670 35.782
966 35.737
735 35.722
546 35.679
165 35.661
115 35.602
134 35.581
908 35.437
210 35.402
426 35.363
986 35.348
177 35.271
267 35.244
800 35.176
256 35.149
501 35.1
517 35.051
434 35.036
427 35.001
241 34.985
243 34.953
291 34.849
66 34.83
916 34.784
519 34.753
728 34.714
684 34.686
418 34.674
127 34.621
625 34.61
190 34.598
479 34.595
351 34.532
183 34.51
201 34.51
574 34.413
406 34.404
599 34.384
93 34.366
692 34.355
306 34.319
938 34.24
829 34.229
818 34.227
349 34.129
298 33.98
491 33.955
262 33.871
756 33.8
620 33.767
467 33.666
753 33.492
145 33.482
295 33.443
428 33.428
216 33.414
872 33.326
211 33.322
846 33.249
537 33.229
374 33.226
791 33.201
854 33.197
447 33.149
189 33.122
742 33.043
277 33.009
935 32.993
220 32.989
946 32.945
511 32.916
653 32.784
86 32.589
136 32.54
361 32.514
342 32.484
996 32.397
261 32.383
239 32.37
589 32.339
834 32.295
263 32.281
657 32.215
582 32.212
389 32.188
359 32.108
384 32.105
713 32.061
219 32.051
339 32.026
679 31.984
377 31.931
523 31.882
522 31.858
337 31.844
160 31.823
251 31.8
965 31.703
820 31.688
175 31.673
133 31.661
803 31.588
392 31.587
283 31.585
421 31.555
383 31.491
268 31.448
661 31.342
878 31.285
252 31.108
754 31.072
494 31.061
847 31.025
495 30.887
364 30.795
553 30.758
658 30.735
390 30.704
323 30.695
487 30.568
412 30.513
208 30.491
380 30.484
840 30.481
264 30.445
400 30.374
430 30.289
343 30.267
835 30.229
324 30.137
695 30.019
169 29.958
641 29.894
107 29.888
245 29.838
551 29.663
378 29.534
182 29.493
296 29.475
72 29.473
704 29.451
234 29.392
959 29.374
441 29.201
603 29.188
504 29.177
503 29.13
588 29.009
766 28.999
954 28.923
550 28.884
229 28.872
772 28.791
881 28.78
564 28.743
952 28.716
613 28.713
725 28.656
585 28.62
855 28.603
637 28.475
765 28.457
419 28.432
217 28.431
360 28.406
721 28.306
299 28.295
382 28.268
779 28.262
405 28.234
776 28.199
563 28.178
369 28.176
358 28.145
470 28.07
924 28.051
893 28.041
649 27.904
932 27.9
672 27.865
317 27.854
899 27.788
708 27.68
438 27.67
824 27.655
187 27.599
814 27.593
529 27.571
424 27.558
226 27.522
552 27.482
969 27.466
483 27.391
621 27.379
852 27.344
509 27.343
654 27.222
618 27.207
999 27.191
571 27.175
991 27.154
973 27.083
699 27.008
798 26.948
435 26.849
569 26.84
341 26.829
500 26.744
531 26.713
976 26.701
459 26.67
592 26.662
451 26.661
188 26.513
543 26.513
300 26.434
524 26.392
173 26.359
601 26.292
712 26.199
792 26.131
626 26.115
758 26.062
195 26.052
841 26.039
811 25.983
795 25.922
255 25.909
674 25.888
719 25.846
484 25.792
964 25.787
345 25.772
945 25.74
247 25.709
926 25.581
960 25.474
859 25.449
581 25.441
950 25.335
759 25.315
287 25.314
645 25.274
793 25.231
425 25.209
827 25.154
331 25.092
927 25.087
600 25.079
332 24.962
206 24.949
207 24.935
727 24.924
200 24.834
710 24.812
290 24.781
743 24.677
575 24.626
669 24.552
910 24.549
278 24.482
432 24.461
225 24.432
568 24.385
681 24.368
900 24.361
485 24.29
250 24.146
633 24.139
694 24.117
305 24.082
95 24.077
905 24.029
876 23.944
833 23.939
942 23.922
498 23.9
310 23.89
845 23.877
812 23.826
573 23.815
909 23.712
665 23.71
508 23.671
433 23.653
836 23.65
477 23.609
918 23.524
616 23.518
775 23.469
796 23.421
521 23.409
787 23.389
706 23.359
925 23.352
887 23.32
677 23.177
279 23.17
782 23.163
398 23.157
773 23.151
403 23.12
233 23.052
284 23.015
995 23.004
194 22.957
159 22.938
363 22.923
623 22.913
532 22.88
870 22.864
515 22.835
673 22.829
161 22.824
297 22.823
449 22.78
476 22.779
662 22.756
652 22.749
462 22.713
281 22.712
842 22.674
221 22.627
784 22.6
977 22.525
838 22.522
455 22.507
530 22.442
877 22.429
863 22.263
933 22.234
789 22.182
917 22.113
923 22.112
667 22.108
984 22.082
828 22.069
270 21.916
248 21.858
302 21.83
325 21.83
777 21.749
764 21.741
381 21.737
399 21.694
860 21.688
402 21.632
839 21.602
514 21.587
596 21.531
809 21.526
436 21.486
344 21.473
549 21.457
646 21.369
858 21.362
761 21.327
864 21.326
663 21.273
636 21.23
698 21.216
475 21.197
536 21.13
660 21.097
647 20.958
444 20.942
606 20.908
978 20.876
808 20.875
701 20.873
904 20.863
545 20.861
423 20.832
499 20.828
651 20.828
149 20.816
998 20.769
560 20.726
366 20.656
409 20.654
558 20.643
354 20.636
598 20.606
335 20.582
257 20.54
555 20.534
566 20.503
817 20.498
801 20.439
611 20.417
687 20.407
804 20.405
890 20.369
903 20.343
346 20.342
901 20.283
463 20.278
724 20.234
460 20.092
751 20.074
866 19.996
642 19.988
456 19.983
768 19.97
276 19.914
746 19.907
304 19.843
386 19.813
778 19.797
356 19.776
744 19.713
373 19.694
891 19.692
445 19.657
703 19.657
318 19.649
340 19.59
786 19.587
896 19.586
815 19.551
762 19.381
629 19.379
722 19.25
453 19.241
489 19.239
819 19.203
993 19.178
955 19.121
607 19.073
497 19.063
610 19.051
961 19.025
326 18.932
975 18.898
512 18.879
535 18.847
586 18.842
576 18.826
348 18.754
181 18.734
738 18.7
734 18.69
464 18.684
749 18.679
849 18.678
540 18.608
659 18.527
650 18.499
526 18.456
844 18.439
874 18.375
507 18.374
714 18.36
604 18.312
496 18.308
865 18.291
315 18.249
807 18.181
767 18.132
561 18.128
612 18.124
697 18.118
690 18.108
457 18.05
639 18.03
634 17.937
972 17.911
328 17.906
729 17.853
443 17.84
391 17.827
971 17.784
595 17.775
308 17.694
394 17.609
748 17.591
980 17.563
888 17.56
770 17.533
516 17.503
454 17.502
506 17.421
527 17.353
794 17.344
631 17.341
869 17.272
821 17.19
843 17.173
983 17.172
882 17.171
368 17.166
696 17.153
718 17.134
330 17.107
949 17.099
892 17.078
862 16.906
413 16.848
769 16.844
578 16.657
518 16.536
944 16.475
921 16.462
797 16.422
615 16.351
431 16.318
702 16.106
747 16.079
948 16.077
989 16.046
587 15.997
929 15.989
739 15.952
951 15.94
931 15.914
940 15.886
956 15.837
985 15.811
693 15.802
780 15.792
880 15.773
832 15.749
668 15.723
352 15.701
897 15.685
885 15.679
937 15.645
760 15.466
700 15.365
771 15.344
417 15.315
717 15.309
730 15.165
627 15.137
788 15.13
597 15.119
716 15.104
272 15.04
958 14.997
468 14.958
387 14.905
429 14.883
370 14.82
617 14.762
533 14.729
622 14.408
557 14.389
920 14.385
481 14.377
928 14.361
570 14.288
970 14.279
823 14.251
886 14.05
853 13.947
913 13.927
963 13.884
644 13.811
825 13.795
745 13.787
709 13.726
915 13.5
554 13.473
474 13.438
404 13.423
548 13.398
614 13.318
930 12.909
469 12.836
542 12.77
783 12.735
974 12.726
640 12.712
947 12.712
593 12.403
562 12.338
720 12.328
848 12.284
914 12.247
911 12.233
939 12.221
997 12.133
723 12.112
577 11.995
988 11.931
565 11.855
790 11.785
638 11.759
990 11.729
895 11.523
813 11.511
982 11.474
624 11.448
837 11.422
635 11.4
689 11.374
912 11.2
868 11.098
393 11.065
867 11.038
857 10.936
968 10.934
922 10.805
875 10.802
648 10.699
898 10.676
750 10.629
826 10.618
763 10.544
711 10.491
879 10.244
678 10.153
934 9.875
461 9.805
992 9.507
442 9.496
850 9.403
994 9.209
781 9.036
539 8.903
889 8.857
799 8.807
806 8.42
943 8.186
757 7.728
822 7.643
830 7.548
902 6.474
957 6.217
967 6.09
871 5.579
