0 1
0 2
0 3
0 4
0 5
0 6
0 7
0 9
0 12
0 13
0 14
0 19
0 20
0 22
0 24
0 26
0 41
0 48
0 56
0 61
0 67
0 69
0 76
0 87
0 90
0 96
0 105
0 110
0 116
0 120
0 128
0 142
0 143
0 171
0 212
0 213
0 222
0 228
0 253
0 254
0 259
0 266
0 275
0 292
0 293
0 301
0 311
0 313
0 322
0 333
0 334
0 347
0 365
0 375
0 379
0 388
0 396
0 408
0 414
0 415
0 437
0 465
0 466
0 473
0 480
0 488
0 502
0 534
0 541
0 556
0 580
0 583
0 590
0 605
0 630
0 632
0 643
0 664
0 666
0 670
0 671
0 675
0 680
0 682
0 683
0 691
0 732
0 736
0 756
0 785
0 810
0 831
0 851
0 873
0 883
0 894
0 907
0 919
0 941
1 3
1 4
1 5
1 8
1 38
1 50
1 54
1 223
1 349
1 350
1 513
1 547
1 613
1 740
1 753
1 754
1 803
1 820
1 847
1 899
1 950
1 959
2 7
2 16
2 24
2 29
2 30
2 33
2 40
2 58
2 68
2 75
2 91
2 158
2 267
2 338
2 458
2 492
2 525
2 608
2 684
2 704
2 731
2 755
2 791
2 800
2 802
2 884
2 906
3 10
3 11
3 13
3 15
3 16
3 21
3 22
3 26
3 27
3 35
3 48
3 57
3 60
3 61
3 74
3 77
3 84
3 85
3 94
3 101
3 102
3 103
3 111
3 112
3 113
3 114
3 119
3 126
3 131
3 135
3 139
3 146
3 150
3 152
3 179
3 180
3 186
3 191
3 196
3 204
3 230
3 235
3 236
3 249
3 253
3 256
3 265
3 274
3 280
3 285
3 289
3 311
3 327
3 410
3 446
3 450
3 465
3 486
3 490
3 559
3 591
3 594
3 686
3 715
3 726
3 733
3 737
3 774
3 816
3 856
3 883
3 953
3 986
4 6
4 8
4 28
4 145
4 160
4 254
4 360
4 380
4 501
4 547
4 726
4 834
5 10
5 11
5 36
5 47
5 70
5 71
5 292
5 299
5 337
5 472
5 625
5 861
5 908
5 952
6 15
6 19
6 20
6 30
6 31
6 32
6 38
6 40
6 42
6 51
6 56
6 57
6 81
6 97
6 124
6 130
6 132
6 144
6 150
6 154
6 164
6 186
6 193
6 211
6 214
6 215
6 227
6 314
6 316
6 329
6 401
6 471
6 522
6 544
6 579
6 676
6 810
6 979
6 987
7 9
7 12
7 17
7 25
7 29
7 34
7 43
7 51
7 108
7 122
7 126
7 157
7 166
7 203
7 228
7 236
7 372
7 422
7 482
7 505
7 574
7 705
7 735
7 752
7 755
7 829
7 946
7 965
7 979
8 154
9 23
9 41
9 350
9 361
9 626
9 719
10 18
10 25
10 47
10 53
10 78
10 83
10 167
10 237
10 273
10 278
10 372
10 389
10 416
10 421
10 531
10 553
10 582
10 811
11 43
11 60
11 79
11 139
11 324
11 628
11 808
11 831
12 14
12 27
12 58
12 63
12 64
12 140
12 148
12 153
12 163
12 175
12 184
12 252
12 263
12 306
12 312
12 385
12 446
12 448
12 679
12 713
12 878
12 935
12 936
12 938
12 954
12 999
13 17
13 18
13 33
13 44
13 45
13 59
13 79
13 80
13 98
13 118
13 269
13 293
13 294
13 303
13 351
13 353
13 357
13 376
13 439
13 440
13 452
13 572
13 584
13 688
13 692
13 707
13 741
13 798
13 805
14 50
14 52
14 78
14 120
14 122
14 197
14 224
14 232
14 286
14 309
14 317
14 320
14 397
14 467
14 490
14 602
14 609
14 846
14 861
15 71
15 76
15 95
15 349
15 520
15 600
15 901
15 908
16 184
16 610
16 865
17 162
17 188
17 313
17 331
17 568
17 778
17 809
17 890
18 787
19 69
19 73
19 107
19 125
19 238
19 264
19 585
19 633
19 927
20 21
20 23
20 28
20 42
20 45
20 62
20 101
20 105
20 113
20 156
20 167
20 182
20 260
20 277
20 288
20 333
20 367
20 395
20 415
20 427
20 450
20 493
20 510
20 567
20 609
20 884
20 962
20 981
21 130
21 348
21 441
22 49
22 92
22 134
22 143
22 418
22 620
22 691
22 708
23 32
23 131
23 157
23 224
23 298
23 307
23 742
23 761
23 840
23 845
23 872
24 31
24 88
24 91
24 93
24 117
24 123
24 151
24 232
24 239
24 343
24 406
24 470
24 509
24 523
24 525
24 528
24 563
24 602
24 603
24 712
24 795
24 945
24 973
25 88
25 180
25 190
25 244
25 260
25 283
25 288
25 300
25 336
25 491
25 498
25 511
25 546
25 728
26 46
26 63
26 66
26 86
26 89
26 109
26 121
26 165
26 178
26 205
26 274
26 296
26 321
26 374
26 495
26 772
26 818
27 37
27 170
27 192
27 218
27 364
27 447
27 599
27 742
27 817
27 864
28 95
28 223
28 604
28 616
29 100
29 125
29 163
29 171
29 198
29 208
29 210
29 214
29 251
29 282
29 286
29 339
29 428
29 438
29 502
29 517
29 649
29 654
29 655
29 707
29 725
29 773
29 984
30 34
30 83
30 194
30 199
30 244
30 258
30 261
30 371
30 451
30 455
30 699
30 838
30 852
30 916
30 933
31 166
31 220
31 247
31 316
31 319
31 406
31 424
31 428
31 483
31 520
31 674
31 998
32 35
32 44
32 62
32 67
32 258
32 282
32 320
32 323
32 384
32 510
32 513
32 538
32 550
32 621
32 653
32 695
32 766
32 870
33 39
33 46
33 142
33 144
33 155
33 235
33 243
33 309
33 396
33 397
33 419
33 479
33 487
33 537
33 572
33 592
33 658
33 683
33 685
33 728
33 802
33 854
33 881
33 924
33 977
34 36
34 100
34 121
34 133
34 173
34 426
34 543
34 787
35 37
35 54
35 73
35 140
35 162
35 219
35 231
35 291
35 310
35 405
35 549
35 564
35 588
35 910
35 932
36 65
36 74
37 39
37 80
37 89
37 97
37 106
37 116
37 123
37 129
37 174
37 183
37 193
37 218
37 241
37 273
37 289
37 362
37 407
37 411
37 426
37 538
37 637
37 657
37 759
37 776
37 793
37 872
37 960
38 272
39 92
39 128
39 187
39 207
39 213
39 271
39 377
39 424
39 494
39 594
39 656
39 782
39 789
39 905
39 926
39 942
39 964
40 94
40 169
40 515
41 77
41 906
42 209
42 459
43 202
44 391
44 488
45 102
45 322
45 493
45 534
45 663
45 768
46 49
46 53
46 84
46 416
46 665
46 685
46 721
47 52
47 55
47 64
47 70
47 152
47 268
47 382
47 383
47 425
47 492
47 706
47 775
47 784
47 792
47 812
47 835
47 836
47 842
47 855
47 900
47 966
48 55
48 65
48 99
48 104
48 108
48 158
48 172
48 176
48 209
48 259
48 307
48 359
48 420
48 434
48 478
48 504
48 619
48 630
48 641
48 688
48 710
48 893
48 916
49 137
49 296
49 573
49 636
49 788
49 879
50 59
50 72
50 135
50 381
50 518
50 575
50 608
50 661
51 216
51 777
52 111
53 342
53 848
53 877
54 217
54 277
55 106
55 206
55 434
55 485
56 90
56 107
56 127
56 240
56 291
56 332
56 858
56 949
56 976
57 72
57 145
57 155
57 319
57 355
57 369
57 662
57 731
58 225
58 340
58 673
58 904
59 66
59 87
59 115
59 141
59 251
59 537
59 642
59 804
60 68
60 81
60 98
60 134
60 199
60 285
60 287
60 876
61 250
61 412
61 646
62 270
62 521
63 147
63 149
63 177
63 279
63 345
63 363
63 814
64 673
65 252
65 403
66 693
67 112
67 124
67 503
68 324
68 566
68 765
68 978
69 878
70 161
70 191
70 449
70 845
71 99
71 159
71 305
71 355
71 364
71 611
71 660
71 827
71 834
71 981
73 227
73 290
74 75
74 82
74 156
74 170
74 357
74 361
74 441
74 524
74 722
74 727
74 975
75 85
75 168
75 183
75 221
75 231
75 358
75 409
75 521
75 766
76 417
77 86
77 109
77 114
77 177
77 188
77 447
77 448
77 625
77 833
77 887
77 962
78 118
78 343
78 587
79 93
79 96
79 378
79 487
79 581
79 991
80 132
80 172
80 178
80 215
80 220
80 246
80 283
80 477
80 551
80 571
80 623
80 740
80 765
80 779
80 877
80 918
80 969
80 996
81 82
81 329
81 341
81 479
81 512
82 190
82 857
83 117
83 295
83 314
83 338
83 347
83 457
83 485
83 694
83 747
85 491
87 325
87 452
87 650
87 653
87 932
88 399
89 153
89 168
89 198
89 225
89 242
89 367
89 569
89 659
89 863
89 991
90 574
91 159
92 103
92 110
92 264
92 344
92 392
92 484
92 529
92 532
92 859
92 996
93 595
93 760
94 335
94 655
94 828
95 892
96 149
96 359
96 500
96 612
96 681
96 786
97 175
97 475
97 596
98 185
98 402
98 462
98 601
98 628
98 636
98 972
99 174
99 379
99 524
99 586
99 925
100 310
100 391
100 990
101 104
101 559
101 569
101 589
101 824
102 133
102 425
102 443
102 532
102 758
102 888
103 208
103 940
104 337
104 837
104 851
105 115
105 189
105 255
105 290
105 528
105 814
106 249
106 622
109 387
109 409
109 736
110 136
110 169
110 297
111 710
112 245
112 400
112 475
112 647
112 907
112 951
113 119
113 257
113 661
114 138
114 204
114 219
114 384
114 545
114 669
114 735
115 136
115 412
115 549
115 989
116 200
116 297
116 375
116 394
116 476
116 807
117 392
117 395
117 749
117 886
117 995
118 226
118 248
118 276
118 369
119 137
119 206
119 352
119 432
119 527
119 584
119 824
119 892
120 147
120 390
120 551
121 127
121 401
121 501
121 535
121 677
121 737
121 743
121 983
122 336
123 552
124 176
124 179
124 195
124 295
124 345
124 407
124 432
124 433
124 472
124 645
124 746
124 796
124 841
125 129
125 195
125 248
125 413
125 454
125 463
125 489
125 639
125 698
125 927
126 242
126 599
127 138
127 899
128 148
128 398
128 505
128 629
128 721
128 969
129 216
129 221
129 771
131 294
131 517
131 672
131 701
131 751
131 931
132 173
132 197
132 389
132 589
132 896
132 936
133 618
134 181
134 321
135 281
135 497
136 211
136 394
136 439
136 506
137 196
137 239
137 243
137 462
137 578
137 694
137 769
137 862
137 956
138 146
138 201
138 246
138 351
138 540
138 621
138 669
139 141
139 483
140 212
140 616
140 948
141 256
141 308
141 331
141 344
141 445
141 529
142 241
142 269
142 365
142 444
142 556
143 201
143 536
143 555
144 555
146 160
146 262
146 304
146 652
146 656
146 780
146 985
147 151
147 165
147 181
147 207
147 287
147 497
147 614
147 729
147 751
147 897
148 189
148 353
148 619
148 679
150 161
151 431
151 546
151 578
151 748
151 753
152 217
152 245
152 261
152 284
152 335
152 832
152 923
153 302
153 306
153 383
153 464
153 499
153 514
153 797
153 801
153 819
153 855
153 955
154 164
154 230
154 500
154 507
154 923
157 203
157 449
157 470
157 681
158 263
161 622
161 998
162 182
162 611
163 596
163 970
164 185
164 202
164 354
164 536
165 187
165 436
166 922
167 427
168 237
168 386
168 418
168 460
168 541
168 637
168 749
168 767
169 234
169 257
169 533
170 330
170 399
170 471
170 515
170 533
170 629
170 828
170 963
170 978
172 642
173 869
174 247
174 373
174 398
174 437
174 519
174 552
174 839
174 849
174 852
174 903
176 376
176 507
176 593
176 690
176 700
176 874
177 402
178 689
179 325
179 504
179 820
179 839
179 891
182 304
183 498
184 278
185 192
185 226
185 341
185 390
185 420
185 511
185 590
185 758
185 762
185 805
185 920
186 233
186 270
187 276
189 194
189 564
189 918
190 250
190 330
190 378
190 410
191 279
191 302
191 634
192 205
192 346
192 408
192 430
192 456
192 476
192 478
192 657
192 843
193 210
193 690
194 934
195 944
195 963
196 222
196 318
197 200
197 980
197 997
198 284
199 499
199 565
200 303
201 332
201 340
201 354
201 460
201 509
201 542
202 454
202 540
202 558
202 712
203 238
203 422
203 514
203 677
203 702
204 240
204 695
204 734
205 308
205 414
205 526
205 604
205 958
207 868
208 965
209 477
209 550
209 860
209 928
210 300
210 468
212 271
212 431
215 664
216 272
216 444
216 644
216 778
216 946
217 404
217 676
218 267
218 607
220 825
221 730
221 990
223 233
223 234
223 356
223 445
223 570
223 618
224 229
224 386
224 687
224 827
224 891
224 909
226 380
226 393
226 709
227 703
228 229
228 818
229 382
229 942
230 583
231 358
231 363
231 586
231 639
232 508
232 702
233 393
234 275
234 413
234 455
234 750
234 868
235 265
235 342
235 371
235 400
235 508
235 615
235 764
236 280
236 459
236 606
236 672
236 966
237 268
237 298
237 368
237 523
238 346
238 370
238 494
238 567
238 748
238 764
239 975
240 315
240 421
240 438
240 535
240 718
240 897
240 917
242 312
242 443
242 464
242 486
243 730
244 738
244 959
245 266
245 328
245 955
246 301
246 489
246 952
246 980
249 305
249 745
249 860
249 887
250 645
251 453
253 667
254 255
254 403
254 423
254 435
254 579
254 779
258 262
258 326
258 327
258 430
258 503
258 516
258 560
258 627
258 976
259 597
259 856
260 527
261 843
262 317
262 366
262 526
262 850
262 853
264 281
265 318
265 377
265 717
265 835
265 904
268 698
268 953
269 299
269 315
269 723
271 348
271 404
271 553
271 563
271 634
271 809
271 956
273 495
273 543
273 866
275 374
275 671
276 334
276 469
277 825
279 326
281 423
281 994
282 558
283 697
284 713
285 456
285 703
285 714
285 804
286 506
286 582
286 705
286 863
289 385
289 598
289 803
290 436
291 982
292 668
292 854
293 530
293 573
293 651
293 815
293 841
294 833
295 362
295 481
298 482
300 473
303 641
304 807
304 992
305 328
305 648
307 466
309 339
309 496
309 866
309 961
311 388
311 741
311 743
311 995
312 557
312 704
314 544
314 626
314 752
316 530
316 716
319 373
319 458
319 816
319 914
321 323
321 417
321 875
322 588
323 474
323 638
323 943
324 360
324 461
326 678
328 781
328 850
330 461
332 566
334 896
336 368
336 592
336 762
336 795
336 844
337 948
338 561
340 624
341 429
341 678
341 718
342 356
342 429
342 548
342 580
343 738
343 770
344 352
347 366
347 785
347 844
349 744
350 610
351 554
351 617
353 370
354 381
354 747
355 674
355 715
355 774
355 917
357 587
358 631
358 876
359 542
360 474
360 720
360 983
362 467
362 557
362 603
362 693
362 696
362 869
363 442
363 857
363 882
365 595
365 649
366 789
367 463
369 387
369 419
369 911
369 912
370 763
371 744
371 761
371 973
372 411
372 607
372 821
374 591
376 575
376 708
376 915
377 945
378 600
378 680
378 939
379 900
380 548
381 597
382 440
383 480
385 545
385 709
385 760
386 518
387 994
389 468
390 405
390 930
391 723
392 620
392 829
395 576
395 646
396 733
399 627
399 830
400 457
400 662
405 670
405 947
406 771
408 577
411 484
411 585
412 453
412 919
414 675
414 859
414 938
416 570
416 660
417 832
418 435
418 746
419 898
420 654
420 972
421 881
422 598
423 451
423 871
425 539
427 433
430 442
430 768
430 865
430 895
430 970
432 469
433 560
434 601
435 791
435 933
436 481
436 659
436 821
438 780
439 666
440 684
440 921
441 640
441 947
442 806
445 577
449 902
450 687
451 644
451 888
452 696
452 796
452 968
452 993
453 562
453 902
458 958
459 790
459 901
462 750
466 776
467 651
467 849
469 565
469 717
471 624
471 763
472 650
473 993
474 539
478 571
480 605
481 957
482 512
482 519
482 581
482 652
482 663
482 665
482 944
483 496
484 722
488 568
488 882
489 615
490 840
490 985
491 516
491 724
491 759
493 633
493 937
495 781
495 895
496 967
500 522
501 725
502 988
503 745
505 531
511 554
511 775
513 783
519 632
519 647
519 714
519 801
519 836
519 974
520 617
520 739
520 964
523 576
528 612
529 561
529 686
534 727
538 890
539 757
540 614
543 638
546 706
546 950
547 562
548 593
552 635
552 689
552 711
552 905
553 700
556 925
558 739
558 773
558 792
558 806
560 606
561 658
564 847
566 812
567 640
567 934
567 971
568 711
569 823
571 635
571 784
575 648
576 613
581 889
582 631
585 811
588 724
589 692
589 910
589 929
589 971
590 846
591 697
591 989
593 799
596 716
599 701
599 813
599 984
600 951
601 767
601 797
601 815
602 941
604 757
604 867
605 926
613 999
616 826
618 754
618 756
618 842
619 786
619 987
620 623
620 643
626 668
628 734
628 769
628 873
631 798
635 858
638 729
641 782
641 930
643 826
643 880
643 921
644 837
645 772
645 880
648 949
650 830
651 928
655 800
655 903
655 940
656 667
656 682
656 893
660 788
660 862
661 732
664 929
673 913
673 997
674 875
676 770
678 720
685 699
686 719
698 793
708 885
709 822
718 790
720 968
724 894
725 920
729 870
731 819
732 823
737 874
738 813
739 988
742 913
744 777
748 967
752 853
752 885
754 794
755 961
763 871
764 954
765 822
767 783
767 914
770 986
777 838
783 931
791 794
792 817
794 808
794 889
798 799
811 867
816 935
816 939
821 922
824 864
827 909
833 848
841 974
849 911
850 879
858 886
862 898
864 982
867 912
876 937
880 957
904 915
909 924
909 960
917 977
927 992
937 943
